21323331333332
23333333333332
23333333133332
23333331333332
22333331333332
23313331333332
23333333233332
23333333333312
23323331333332
21333331333332
23313133333312
21313331333332
23313331331332
23313333233332
23323333233332
23333133333332
23321331311312
23313331133332
23333333313332
23333331331332
23333333133132
23333311333332
21333331313332
23333333133312
23313133333332
23313331333232
23313333133332
23313233333332
23313131333332
23333333333132
23321331333132
23333333233312
23333333331332
23313233333312
23323333133332
23313333333332
23333331133332
23333331333132
23323133333332
23333233333332
21333333233332
23331333233332
23313311333332
23333333332332
23313333133312
23313331333132
23333331333312
22333311333332
23333331313332
23331331333132
23333332333332
23333333331312
23233333331332
23333233133132
23331313331332
23333333333322
23323332133332
23113133333312
23313233333132
23333313331332
23333113333332
21333333331332
23333313333312
22333333331332
23321332311312
23333233133332
23113233333312
23313113333312
23333333323132
23313233233332
23333233333132
23313231333332
23313333331332
23313331233332
23133331333332
21333333332332
23333333233132
23333333333232
23323331331332
23323233333332
23133133333312
21333333131332
23233331331332
23313213333312
23331231333332
23333131333332
23313133331332
23333133233332
22323333133332
23333313333332
23333333232332
21313331331332
23313132333332
23321331333332
23113233333332
23331333333332
22333331331332
23331333133332
23323331333132
23331233333332
21313311323132
21223333321332
23333113313222
21333313322212
23311231113112
23333211333131
23332323332331
23323211321332
23333111333121
21321322313232
23311312313212
22113132233232
22232332213132
22111131131312
23213113122332
23123333232321
21231331123212
23131111223113
21311311121312
21332331232331
22321112121312
23321332333323
22311112321332
22332321122332
22122133132232
22232323223312
22311221321112
23223332131311
21132122231132
21311323112313
22312131221332
22312212123132
21223111333331
22122331332312
21133123311131
22211323212132
23131121222232
23233312112231
22331323113133
22321123331131
21322212133212
21322131122312
22231133231211
21231311133113
21212113223331
23222113233121
22232121233232
21111222323322
21322211331333
23221333332211
22322123323313
22232121231122
21233323121131
23222131333123
21312322122212
21311122331321
23221221231222
22233133323213
23213211132323
21313231212321
23111113331231
23122311231313
22123233232133
22113311333221
23122123233121
22133213223323
21222331333223
21111122333231
22322232121311
21121121331223
21122322131111
21123111322311
21233321121131
22312123112113
22223132213233
23332112212121
23112223322311
23122133122223
22223132223311
21233213121231
22123332223211
22131313212211
23313212312113
21223132232233
21122112231111
21223321122213
23221122212331
22313222213123
21221321331221
22221112111222
22132322112231
21112112121123
22222113211113
22123122132211
22111121121211
21321111221221
21222223322211
22222222223222
22212223211213
22222222221321
21222321222221
22212212221221
22221222211111
22121222221221
22221222211121
22222122222121
22322221222121
22232222112111
21121222132321
21222221222221
21123222222121
22222221232221
22212222222221
22122222222211
22222232222121
23122122222221
22222222121221
22211222222121
22221222122211
22221122222221
22122222222321
22221222231111
22121222222121
22122222123221
22122222222111
22211222132121
21222222122221
22222222122131
22222222211121
22221222221221
23222222222121
22222222231121
22221222222121
22122212232121
22121222222221
22122212231121
22222321222211
22122222221321
22222222122321
22212222222211
22221222122221
22221212122221
22122221222221
22122222122221
22121222221121
22122232222121
22222222132121
21222222222121
22222321222121
22222211122221
22222221232111
22322321222221
22221212231221
22221222212121
22322122222221
22221222231221
22322222222121
22122222221221
22212212222221
22222222232221
22222212222221
21222122222221
22122222121221
22222212222121
21221122222221
22232222122111
22221222221121
22222211222221
22222221122221
23122222222121
22232222112121
22222221211121
22211222221111
22222221232121
22132121221123
22222222122221
22222221222221
22122122221221
22222122221221
22222221212121
22122222222121
22222222221121
21222222222221
22222222212121
22222222222221
22222211222121
22222321222221
22222222222111
22222222222211
22222222222121
22222221222121
22222222221221
22122222222221
22222122222221
22122222221121
21121122312131
22121112212323
21121112212323
22121112232123
22123112212123
