0.35381707549095154
0.35552817583084106
0.35562604665756226
0.35583052039146423
0.3562732934951782
0.3565257489681244
0.35692113637924194
0.35709869861602783
0.3574582636356354
0.3576061427593231
0.35770341753959656
0.3579716682434082
0.3581748902797699
0.3584232032299042
0.3586543798446655
0.35915860533714294
0.3592230975627899
0.3592585027217865
0.35931190848350525
0.359457403421402
0.3594808578491211
0.3595777750015259
0.3596170246601105
0.3599710464477539
0.36002132296562195
0.36002665758132935
0.3600315451622009
0.3600362539291382
0.3600456118583679
0.3601241111755371
0.360472172498703
0.3605503737926483
0.36059555411338806
0.36071309447288513
0.3607494533061981
0.360951691865921
0.36100462079048157
0.3610321581363678
0.36106571555137634
0.361202597618103
0.3612285852432251
0.36126387119293213
0.36128026247024536
0.3613526523113251
0.3614477217197418
0.3616187274456024
0.36164698004722595
0.3616608679294586
0.361754447221756
0.3618242144584656
0.3619414269924164
0.3619912266731262
0.3620242774486542
0.3620390295982361
0.3620508313179016
0.36209768056869507
0.36225801706314087
0.3623386323451996
0.3624667525291443
0.3624800741672516
0.36251622438430786
0.3625725507736206
0.36259257793426514
0.36260420083999634
0.36268630623817444
0.36272215843200684
0.36272647976875305
0.36277151107788086
0.3627740144729614
0.3628440797328949
0.3628586232662201
0.36286160349845886
0.3629298806190491
0.3630710244178772
0.3630969822406769
0.36329764127731323
0.3633507192134857
0.3633546233177185
0.3633617162704468
0.3634713590145111
0.3635118901729584
0.3635167181491852
0.363523930311203
0.36352548003196716
0.36360275745391846
0.3636031448841095
0.36360660195350647
0.3636701703071594
0.3636828362941742
0.3637032210826874
0.3637655973434448
0.36382701992988586
0.36387568712234497
0.3638986051082611
0.36390021443367004
0.3639003038406372
0.3639199435710907
0.36393827199935913
0.3639545142650604
0.3640381693840027
0.40426984429359436
0.4134048521518707
0.4194006323814392
0.4245336651802063
0.4289734661579132
0.4329131245613098
0.43638283014297485
0.4394165575504303
0.4421485364437103
0.44464111328125
0.446889728307724
0.4489755928516388
0.45090898871421814
0.4527428150177002
0.454463928937912
0.4561176896095276
0.45767444372177124
0.45914947986602783
0.46054622530937195
0.4618777930736542
0.4631384313106537
0.4643208086490631
0.46545928716659546
0.4665350914001465
0.467583566904068
0.4685787856578827
0.4695425033569336
0.47048264741897583
0.47139379382133484
0.4722987711429596
0.4731805920600891
0.4740327000617981
0.474882572889328
0.47570762038230896
0.4765179753303528
0.4773128926753998
0.4780891537666321
0.47885456681251526
0.479608952999115
0.48034098744392395
0.48104941844940186
0.48174718022346497
0.48243141174316406
0.48311054706573486
0.4837910532951355
0.4844669997692108
0.48513925075531006
0.4857954978942871
0.48645687103271484
0.4871140122413635
0.48776915669441223
0.48841241002082825
0.489065945148468
0.48971062898635864
0.49036017060279846
0.49098825454711914
0.4916049838066101
0.4922231137752533
0.49282562732696533
0.4934244751930237
0.49400731921195984
0.4945961534976959
0.49519386887550354
0.4957932233810425
0.4964016377925873
0.4970095157623291
0.4976274371147156
0.49826523661613464
0.49891161918640137
0.49956265091896057
0.5002298951148987
0.5009126663208008
0.5015984177589417
0.5023072361946106
0.5030332803726196
0.5037786960601807
0.5045517683029175
0.5053460597991943
0.5061759948730469
0.5070408582687378
0.50794517993927
0.5088897943496704
0.5098729729652405
0.5108997821807861
0.5119888782501221
0.5131528973579407
0.5143688321113586
0.5156545042991638
0.5170089602470398
0.5184725522994995
0.5199836492538452
0.5215879082679749
0.5232520699501038
0.5249879956245422
0.5268208384513855
0.5288532376289368
0.531314492225647
0.5348029732704163
0.5408809781074524
0.573157548904419
0.5768799185752869
0.5768832564353943
0.5768857598304749
0.5770183205604553
0.5770881175994873
0.5771456956863403
0.5772182941436768
0.5772398114204407
0.5772552490234375
0.5773888826370239
0.5774479508399963
0.5775587558746338
0.5775632858276367
0.5776780843734741
0.5777523517608643
0.5778347253799438
0.5778608918190002
0.5778821110725403
0.5779330730438232
0.5780783891677856
0.5780798196792603
0.5783963203430176
0.5784176588058472
0.5784364938735962
0.5785967707633972
0.578604519367218
0.5787004232406616
0.5787010788917542
0.578705906867981
0.5787952542304993
0.5788185000419617
0.578876793384552
0.5788937211036682
0.5789258480072021
0.5790111422538757
0.5791324377059937
0.5791589021682739
0.5791671872138977
0.5792995691299438
0.579364001750946
0.5795384049415588
0.579552948474884
0.5795639753341675
0.5796980261802673
0.579706072807312
0.5797556042671204
0.5797712206840515
0.5798931121826172
0.5799552798271179
0.5800272226333618
0.5800743103027344
0.5800899267196655
0.5801631808280945
0.5803983211517334
0.5804073810577393
0.5804120898246765
0.5805037021636963
0.5805144309997559
0.5806731581687927
0.5809720754623413
0.5810926556587219
0.581196665763855
0.5812744498252869
0.5815369486808777
0.5817328691482544
0.5817554593086243
0.5817769169807434
0.58198481798172
0.5822163224220276
0.5826705694198608
0.5831778645515442
0.5832128524780273
0.5833108425140381
0.5837109684944153
0.5838536024093628
0.5839213728904724
0.5839806199073792
0.5841208696365356
0.5844405889511108
0.5845180749893188
0.5845293998718262
0.5849912762641907
0.5852347612380981
0.5852463245391846
0.5853091478347778
0.5854424238204956
0.5855786800384521
0.5860460996627808
0.5863518714904785
0.5863854289054871
0.5866293907165527
0.5866425037384033
0.5868625044822693
0.5869157314300537
0.5869896411895752
0.5874550342559814
0.5924815535545349
0.5927383303642273
0.5978366732597351
0.6011186242103577
