0.549401
0.413608
0.521194
0.42109
0.506324
0.53751
0.549401
0.413608
0.521194
0.42109
0.506324
0.53751
0.549401
0.413608
0.521194
0.42109
0.506324
0.53751
0.549401
0.413608
0.521194
0.42109
0.506324
0.53751
0.549401
0.413608
0.521194
0.42109
0.506324
0.53751
0.549401
0.413608
0.521194
0.42109
0.506324
0.53751
0.549401
0.413608
0.521194
0.42109
0.506324
0.53751
0.549401
0.413608
0.521194
0.42109
0.506324
0.53751
0.549401
0.413608
0.521194
0.42109
0.506324
0.53751
0.549401
0.413608
0.521194
0.42109
0.506324
0.53751
0.549401
0.413608
0.521194
0.42109
0.506324
0.53751
0.549401
0.413608
0.521194
0.42109
0.506324
0.53751
0.611668
0.41876
0.48698
0.350283
0.474714
0.583991
0.508022
0.555172
0.412561
0.480388988483346
0.50145698264711
0.507941006073336
0.486932827948744
0.505905049552887
0.521252646083735
0.442976852017347
0.514256526693145
0.486904544667754
0.510882784304109
0.494069659635896
0.488623096026042
0.494804727658023
0.518811807081214
0.507941006073336
0.443349233448291
0.4955333522299
0.52749741435503
0.51629128492752
0.494558237372614
0.514632394148175
0.49676174238202
0.520573011384981
0.43206612440831
0.511421468604322
0.480172576274093
0.508338445471107
0.442876358823323
0.503682392331395
0.52121046624265
0.51011379548715
0.494932367261291
0.488993737410625
0.518467635731791
0.44919478708261
0.480736013990814
0.494498109203094
0.482615018329538
0.487289875887536
0.50180870425996
0.501767078652165
0.51188908231553
0.425863786078054
0.495228481081341
0.512673953315584
0.44289945558849
0.501446926203554
0.512104175119147
0.45458238853992
0.5100733281278
0.495075057403442
0.518811807081214
0.494881053333204
0.481222183468202
0.488463072430922
0.502534297037479
0.505433659199007
0.486932827948744
0.524724659743359
0.501953658565533
0.506294223254766
0.509395465225169
0.500695232023135
0.48403452615288
0.511751071625531
0.497608777963479
0.443045765015576
0.48134880041962
0.494671804062799
0.501077414010355
0.533860823699726
0.50384051109235
0.493715675959758
0.501614125562106
0.488552983760963
0.508338445471108
0.503456587061102
0.503606315454943
0.47191870653748
0.527455522174372
0.500489268853902
0.505484138548039
0.487102210502068
0.501029222242104
0.4784822043647
0.501932462623761
0.509784654498215
0.504624097496893
0.510468955062357
0.487840656259785
0.516489384063698
0.501614125562105
0.501655799441278
0.495314602623761
0.485085580589437
0.510413466004761
0.478482204364701
0.478916404101891
0.510426267726301
0.516708658021532
0.449408444477695
0.443161729091041
0.509885605139901
0.513956218260307
0.478029911934388
0.479048210388378
0.471064271139183
0.474160447644511
0.487118554002378
0.449593206186689
0.448917997703971
0.398553078658922
0.478144793510821
0.457991587051346
0.46757120235697
0.470762484032639
0.431886874923503
0.460656713264044
0.495909448747388
0.493228674866054
0.494236270270752
0.488447583296057
0.425616667283525
0.457677930063334
0.495135956812174
0.473232788125509
0.495992248566516
0.47325685168641
0.46311346852229
0.472891397053886
0.447962166339315
0.486573365727307
0.398335818477406
0.480564222846814
0.496618657951296
0.52194597518767
0.487328575738912
0.484285156233643
0.488006028444628
0.466038650920625
0.46094643804749
0.466049393821667
0.49068410359513
0.479381690559122
0.473094484920922
0.495899204147061
0.517120474628109
0.49721598550958
0.479937650305618
0.495451348279902
0.473120101392005
0.528288850292223
0.414773338457942
0.466954850778276
0.465629373583963
0.479316775364367
0.500167108411414
0.522489629851064
0.507060628320579
0.530164754120275
0.508507493222591
0.520202145296636
0.459729026359582
0.472209741060691
0.471977982363208
0.500111424186622
0.48484092005023
0.466860492699735
0.473059967333407
0.518070418092326
0.495921231275424
0.501358058695286
0.473457505355216
0.493893689673862
0.45562697867958
0.511666690311326
0.44947354362356
0.487878438982624
0.508094806992044
0.536232763733197
0.454268898147233
0.454382438831019
0.492883509560503
0.524843136829288
0.461551459580147
0.500071811245989
0.513631430269289
0.550808093472717
0.485176280485229
0.471655876785116
0.506745228866749
0.493220874295707
0.517902494573132
0.496181231990682
0.524015527051247
0.467075379257044
0.472365884601852
0.455430640914993
0.479121674822358
0.467078449823698
0.472585030312731
0.490532866630502
0.514446475748813
0.484355266583745
0.509243904860247
0.466553309401121
0.455836265637119
0.473228155028339
0.460645601510397
0.529708990388104
0.490553441609777
0.438509962694407
0.484284199534472
0.460826794530356
0.507959599086416
0.490399971472673
0.502384304199645
0.490287216864752
0.500111424186622
0.546900140658463
0.466982534952754
0.495833438947792
0.455737451472481
0.50847354280576
0.466740297901698
0.490624686048392
0.478095430148894
0.443841661412869
0.514805188157819
0.473340463190195
0.519527373847766
0.496602668212239
0.484567728599288
0.460323114067747
0.472563266752253
0.496233758473013
0.490233404346611
0.478464309270215
0.472617472543356
0.509293821433129
0.502071527047104
0.467171712195317
0.484471174895145
0.472563266752253
0.478339719665827
0.490250159767835
0.522432450935176
0.516183439987658
0.472519176416658
0.438618985738798
0.484462781630299
0.465951336984245
0.524111589333723
0.521825796961503
0.496218338916379
0.466579445116877
0.483913666013061
0.47289550280765
0.478336445666706
0.490452317376338
0.467373256963987
0.496721732978743
0.4719639382578
0.502001539181169
0.438712301430734
0.472067610014143
0.479381083719907
0.515930784995406
0.472345149484997
0.478337807078498
0.496147723143804
0.490245178091561
0.515093815635606
0.496181231990685
0.461267656154434
0.484423110906524
0.484536431840753
0.51645995947935
0.467107794478394
0.490254077918265
0.490553441609777
0.484434927113475
0.478548914229773
0.484556326543005
0.502227648336238
0.502098624692886
0.4908428091166
0.496249523041915
0.490231413720973
0.467070143993583
0.502123866079958
0.496036774573923
0.478022076815022
0.472207995949721
0.515194406978982
0.490287216864753
0.484508645174007
0.478446496611951
0.523072859583583
0.496164523023221
0.415239
0.398252
0.398338
0.432064
0.436847
0.442986
0.426391
0.436985
0.42135
0.448099
0.4432
0.408946
0.387555
0.425919
0.425915
0.397982
0.377265
0.415342
0.40046
0.398517
0.425591
0.393908
0.421635
0.432543
0.377338
0.381003
0.419648
0.425689
0.432676
0.394136
0.393976
0.415315
0.387335
0.437109
0.404711
0.437145
0.459921
0.393788
0.415579
0.436783
0.436757
0.432247
0.408395
0.393938
0.432431
0.425773
0.454444
0.425883
0.393887
0.404357
0.426097
0.402257
0.408328
0.425728
0.404287
0.404287
0.421393
0.4213
0.419979
0.454522
0.438333
0.408609
0.408486
0.430882
0.404371
0.442554
0.408797
0.414762
0.398105
0.415124
0.449448
0.397998
0.421743
0.438736
0.408553
0.409116
0.408883
0.398003
0.425553
0.438213
0.437024
0.425778
0.438643
0.415397
0.425839
0.432594
0.421229
0.448494
0.404186
0.398249
0.414957
0.436705
0.419533
0.443018
0.409381
0.415222
0.419548
0.425921
0.3878
0.409348
0.454197
0.454621
0.413397
0.425739
0.494756
0.46072
0.444593
0.449585
0.463068
0.512051
0.47246
0.496046
0.457029
0.478394
0.472339
0.514354
0.449651
0.470938
0.443284
0.491356
0.472624
0.505798
0.487975
0.501062
0.478697
0.485558
0.458876
0.490241
0.467001
0.530356
0.494009
0.484388
0.454414
0.487237
0.489654
0.455838
0.499135
0.46707
0.540272
0.464837
0.466412
0.463717
0.443547
0.4606
0.505967
0.454463
0.461808
0.488875
0.478588
0.442989
0.471987
0.488849
0.499933
0.466142
0.492424
0.47776
0.514957
0.509925
0.48793
0.521098
0.472413
0.483945
0.502463
0.509888
0.480933
0.473002
0.515922
0.488163
0.507625
0.478094
0.494621
0.472442
0.465283
0.533682
0.49938
0.472838
0.516582
0.508158
0.473053
0.518035
0.467815
0.50749
0.460278
0.501403
0.522469
0.546262
0.512083
0.524036
0.492934
0.501716
0.563666
0.536479
0.515477
0.472072
0.55403
0.509623
0.519672
0.522702
0.474682
0.534023
0.546348
0.530192
0.547958
0.594991
0.585728
0.494091
0.534672
0.585887
0.514263
0.518425
0.542694
0.500223
0.549021
0.528535
0.534723
0.555419
0.491813
0.54588
0.542645
0.522172
0.499871
0.50743
0.512699
0.594991
0.49563
0.522425
0.480486
0.546578
0.554913
0.540372
0.473359
0.546569
0.557722
0.491909
0.585484
0.534755
0.523727
0.577935
0.531025
0.568902
0.549363
0.564875
0.540478
0.478987
0.542572
0.513691
0.540462
0.52964
0.570963
0.4786
0.562623
0.51773
0.515993
0.518041
0.554635
0.577676
0.501197
0.552589
0.510753
0.508223
0.490874
0.54065
0.558848
0.513984
0.524275
0.564751
0.522474
0.541347
0.554796
0.508272
0.506088
0.537677
0.511833
0.498803
0.577142
0.570963
0.49757
0.564751
0.517701
0.548027
0.527687
0.508101
0.523549
0.517565
0.523509
0.594991
0.611668
0.531784
0.510573
0.549022
0.517406
0.500854
0.507865
0.49677
0.503218
0.487775
0.501491
0.554504
0.507775
0.528618
0.377265
0.377338
0.397891
0.381003
0.417283
0.408435
0.401907
0.387513
0.394052
0.400263
0.393994
0.391405
0.400533
0.432233
0.391294
0.387505
0.400294
0.391294
0.410788
0.381438
0.383626
0.404616
0.408655
0.387555
0.394271
0.39817
0.3878
0.404132
0.377222
0.393914
0.402314
0.393841
0.394259
0.410664
0.408528
0.400533
0.394271
0.410754
0.401937
0.394181
0.414768
0.393994
0.393976
0.394088
0.42795
0.404228
0.398249
0.370684
0.410723
0.38361
0.401907
0.391603
0.434044
0.441078
0.400322
0.415122
0.393976
0.394052
0.360443
0.454619
0.393923
0.377265
0.377265
0.421206
0.387977
0.442955
0.410889
0.448779
0.377374
0.411
0.41091
0.404623
0.427757
0.393984
0.404799
0.3878
0.393923
0.3877
0.400476
0.400322
0.410716
0.410536
0.391294
0.383819
0.427183
0.421437
0.393921
0.411027
0.391572
0.404195
0.387632
0.434077
0.435989
0.398517
0.391603
0.387643
0.39381
0.398529
0.411018
0.3836
0.42592
0.419808
0.464877
0.438653
0.454803
0.460939
0.438191
0.438568
0.450884
0.436522
0.468389
0.4215
0.453885
0.456296
0.430914
0.443524
0.44912
0.448328
0.460054
0.460966
0.486011
0.46666
0.470947
0.474439
0.454029
0.479693
0.478479
0.456993
0.454539
0.454262
0.4876
0.480773
0.480244
0.493549
0.477269
0.471507
0.479533
0.464035
0.480715
0.473108
0.484513
0.430928
0.475958
0.473829
0.468637
0.49365
0.484705
0.478145
0.46108
0.492289
0.465967
0.492904
0.486013
0.493714
0.4844
0.43846
0.502028
0.481323
0.495372
0.517839
0.489168
0.471768
0.485709
0.514958
0.501964
0.513027
0.484604
0.503001
0.517843
0.493971
0.517842
0.495224
0.514188
0.516147
0.507876
0.517498
0.517738
0.503597
0.49572
0.495993
0.522743
0.506844
0.520755
0.501259
0.516266
0.5144
0.502694
0.466751
0.514594
0.514213
0.53003
0.495865
0.537685
0.546629
0.506969
0.525473
0.531998
0.538074
0.525949
0.587457
0.578244
0.54942
0.570963
0.555692
0.549021
0.55485
0.552571
0.578216
0.594991
0.549294
0.546856
0.570238
0.564815
0.55869
0.549223
0.564542
0.570963
0.558403
0.575929
0.587457
0.558848
0.542344
0.552473
0.568061
0.594991
0.585887
0.55618
0.542213
0.558463
0.545951
0.546856
0.540408
0.55884
0.594991
0.558515
0.564875
0.564815
0.546629
0.552388
0.564751
0.570963
0.594991
0.564751
0.594991
0.594991
0.558648
0.570221
0.548569
0.575756
0.570963
0.564815
0.558411
0.585728
0.534739
0.564706
0.575756
0.53411
0.585484
0.594991
0.55618
0.58658
0.538246
0.577935
0.564542
0.552499
0.548621
0.54063
0.55286
0.552602
0.570963
0.585728
0.558463
0.549089
0.558669
0.577935
0.564667
0.558376
0.585887
0.564751
0.558553
0.611668
0.587457
0.55869
0.549362
0.558489
0.575929
0.594991
0.49055
0.564706
0.585484
0.585484
0.558553
0.558489
0.58658
0.558648
0.540696
0.564667
0.564667
0.564706
0.531616
0.350283
0.360443
0.377338
0.360443
0.367038
0.360443
0.367038
0.360443
0.393938
0.387643
0.370771
0.377392
0.367038
0.360443
0.360443
0.377374
0.367038
0.360443
0.377374
0.387632
0.39787
0.367038
0.370808
0.370534
0.383626
0.381003
0.398352
0.367038
0.370534
0.370893
0.383819
0.377338
0.367038
0.383588
0.360443
0.393887
0.367038
0.377031
0.377031
0.38102
0.394052
0.381223
0.404646
0.377265
0.408796
0.409143
0.391337
0.377374
0.370529
0.376921
0.409303
0.360443
0.40046
0.377031
0.400322
0.381287
0.432062
0.381223
0.38365
0.370684
0.377265
0.404195
0.360443
0.367038
0.376921
0.370684
0.370718
0.370893
0.387712
0.40451
0.387338
0.398145
0.387701
0.387632
0.377031
0.370534
0.377222
0.377392
0.377222
0.377392
0.377338
0.370771
0.370808
0.387338
0.370534
0.387463
0.381287
0.377374
0.436981
0.394136
0.38365
0.394259
0.367038
0.421455
0.377031
0.398249
0.387328
0.387701
0.377338
0.383626
0.394259
0.436687
0.427792
0.44262
0.435908
0.464149
0.463701
0.45767
0.44369
0.436439
0.46435
0.460374
0.454851
0.45503
0.449496
0.43786
0.454636
0.472456
0.463298
0.466241
0.465943
0.479314
0.485335
0.479213
0.47894
0.481633
0.478294
0.44306
0.472018
0.461038
0.4496
0.460694
0.471919
0.489896
0.466356
0.492744
0.463365
0.489646
0.477738
0.484447
0.472299
0.472072
0.478603
0.471849
0.47201
0.473055
0.461258
0.47841
0.48748
0.470842
0.480108
0.510072
0.471901
0.474897
0.490552
0.493517
0.501031
0.485011
0.499513
0.494991
0.496679
0.488302
0.488472
0.482846
0.490745
0.509394
0.499636
0.501273
0.477781
0.50292
0.496477
0.490323
0.47974
0.499254
0.493961
0.522822
0.503414
0.502487
0.505995
0.516528
0.506284
0.50232
0.519517
0.521989
0.519527
0.503071
0.530767
0.534652
0.510056
0.500368
0.515935
0.507363
0.504086
0.525009
0.522903
0.528233
0.505849
0.514153
0.536215
0.585484
0.54063
0.548119
0.552724
0.546441
0.576801
0.578244
0.564776
0.570238
0.594991
0.54482
0.558712
0.569878
0.528221
0.583754
0.585728
0.521476
0.540734
0.594991
0.564667
0.577142
0.534528
0.552468
0.546806
0.564706
0.528495
0.49488
0.558669
0.585887
0.56175
0.585887
0.53783
0.558609
0.564815
0.494863
0.501241
0.594991
0.585887
0.540161
0.585728
0.594991
0.552481
0.594991
0.552473
0.561341
0.524008
0.552572
0.558463
0.540203
0.594991
0.578244
0.561241
0.536795
0.552312
0.585887
0.585484
0.594991
0.578216
0.577142
0.540422
0.546503
0.505836
0.540625
0.589404
0.578244
0.585484
0.569303
0.546806
0.583754
0.552572
0.552623
0.594991
0.577142
0.500765
0.558463
0.583754
0.500671
0.569476
0.594991
0.564751
0.594991
0.558434
0.540605
0.576801
0.509513
0.568861
0.536954
0.561843
0.552508
0.550829
0.558648
0.534838
0.611668
0.552562
0.546216
0.534514
0.507436
0.552276
0.552276
0.546542
0.503302
